JAKE SHEPPARD // EE 355 // PA 5

initMoves      BFS      TilesOutOfPlace      Manhattan
20             2195        27                27
40             586,921     231               80
60                         47,441            970   
80                         36,869            596
100                        1,604,063         10,688
150                                          79,460
200                                          73,786
250                                          283,365
300                                          1,975,614
350                                          3,420,715
